Gross 		Budget      Opening-Weekend    Screens     MetaScore   Popularity    IMDBRating      Rating   
All_genre      0.68684879  0.89918391      0.53794146  0.12052243  -0.35401991   0.15935716  

Action         0.681674    0.91297513      0.52695088   0.44168585   -0.43898592   0.4257888

Adventure     0.65931017   0.88337025      0.47699665   0.3711183    -0.43348522   0.3662226

Animation     0.60311263   0.87012988      0.48335138   0.30223538    -0.37810859  0.34022478

Comedy        0.63830333   0.88483834      0.53586914   0.10797257    -0.28143911  0.12451092
 
Crime         0.67502943   0.90930585      0.49333845   0.10866238    -0.33315691   0.18142382

Horror        0.51467975   0.87707169      0.42567809   0.18489136     -0.15517855    0.3207841

Documentary  0.30213924    0.63686223      0.30255      -0.17440908    0.09781282    -0.19130987

Biography    0.46000903    0.82835511      0.59226183    0.09493294    -0.33241516   0.24544024

Drama        0.60342484    0.83952613      0.5202131     0.06373391     -0.31964346  0.11289213

Romance      0.63781861    0.8473114       0.49716203    0.0059639      -0.29769739   0.02978708

Sci-Fi      0.67041803    0.96697587       0.62285413    0.37165667     -0.44980506   0.39477866

Thriller    0.72393334    0.94049602       0.52364748    0.21690564     -0.43630109   0.28497014

Family     0.62205103     0.91340533        0.4502655     0.29159271     -0.50427224   0.32210053

Fantasy    0.71772872     0.9002249         0.47577836    0.38155739     -0.43117413   0.40771258

History   0.68447028   0.78630498         0.57321738    0.02311121     -0.29884557   -0.05407284

Mystery   0.62719071   0.9346974         0.54990278     0.12355369     -0.31684459   0.20825504

Sport    0.37130031   0.84942271         0.37234258     0.19278183     -0.29460846    0.22727264

Music  0.41791062    0.8727945            0.5331787     0.01678575     -0.22740502    -0.06220842